0 215
0 334
0 661
0 705
0 822
0 855
0 910
0 921
0 931
1 73
1 521
1 740
2 9
2 161
2 181
2 503
2 542
2 821
2 854
2 988
3 11
3 19
3 107
3 131
3 188
3 559
3 656
3 848
3 956
4 440
4 545
4 920
5 445
5 620
5 821
6 76
6 110
6 519
7 644
7 803
7 862
8 688
8 763
8 895
9 107
9 173
9 274
9 438
9 632
9 901
9 993
10 33
10 320
10 455
10 462
10 642
10 965
11 129
11 155
12 302
13 207
13 428
13 818
13 902
14 91
14 504
14 651
14 859
15 106
15 245
15 288
15 417
15 780
16 89
16 388
16 405
16 507
16 615
16 891
16 946
17 264
17 500
17 715
18 223
18 267
18 553
18 634
19 53
19 88
19 469
19 584
19 594
19 782
20 2
20 33
20 385
20 563
21 216
21 660
21 717
22 39
22 478
22 993
23 265
23 613
23 786
23 893
23 927
23 937
23 938
24 7
24 185
24 290
24 628
24 849
25 172
25 239
25 679
25 745
25 887
25 958
25 966
26 65
26 118
26 621
26 630
26 659
26 726
26 976
27 92
27 248
27 475
27 821
27 847
27 970
28 227
28 688
28 861
28 972
29 1
29 218
29 384
29 499
29 899
29 901
29 979
30 103
30 215
30 884
30 990
31 638
32 128
32 154
32 351
32 534
32 655
32 677
32 777
33 118
33 144
33 635
33 817
34 152
34 270
34 550
34 698
34 766
34 945
34 998
35 176
35 289
35 499
35 805
35 857
36 6
36 107
36 701
37 391
37 722
37 779
37 959
38 7
38 37
38 108
38 129
38 140
38 243
38 290
38 342
38 382
38 444
38 906
38 956
39 6
39 15
39 670
39 674
39 850
39 877
40 475
40 609
40 814
40 818
41 31
41 228
41 690
41 785
42 40
42 166
42 278
43 218
43 679
44 281
44 384
44 492
45 18
45 226
46 6
46 256
46 284
46 318
46 373
46 420
46 541
46 697
46 720
46 764
47 75
47 225
47 238
47 526
47 677
47 707
47 767
48 545
48 808
48 809
49 188
49 202
49 393
49 974
50 122
50 627
50 744
51 194
51 251
51 283
51 724
51 785
51 793
51 906
52 33
52 203
52 256
52 321
52 394
52 425
52 802
52 970
53 245
53 380
53 466
53 942
54 68
54 523
54 603
54 864
54 928
55 262
55 517
55 593
56 2
56 4
56 174
56 313
56 342
56 347
56 351
56 525
56 644
56 908
57 100
57 307
57 459
57 842
57 938
57 960
58 18
58 114
58 192
58 451
58 541
58 659
58 763
58 815
58 880
58 957
59 2
59 96
59 484
59 495
59 605
59 698
60 34
60 274
60 747
60 959
61 100
61 235
61 466
62 321
62 350
62 419
62 791
63 133
63 210
63 238
63 713
63 826
64 196
64 394
64 486
64 526
64 635
64 874
65 236
65 462
65 526
65 548
66 8
66 25
67 378
68 105
68 386
68 438
68 452
68 718
68 847
68 887
68 933
68 962
69 114
69 197
69 944
70 56
70 120
70 131
70 301
70 466
71 247
71 287
71 509
71 721
71 739
71 786
71 803
71 873
72 503
72 546
72 862
72 925
73 23
73 198
73 309
73 461
73 672
73 815
74 26
74 154
74 255
74 352
74 474
74 672
75 72
75 77
75 168
75 283
75 525
75 941
76 48
76 54
76 78
76 162
76 345
76 868
77 259
77 337
77 403
77 489
77 517
77 570
77 662
77 833
77 861
78 55
78 129
78 206
78 267
78 291
78 384
78 870
79 428
79 690
79 858
80 129
80 196
80 439
80 653
80 782
80 790
80 906
81 55
81 476
81 516
81 547
81 643
81 854
82 75
82 81
82 388
82 488
82 582
82 817
82 862
82 880
83 42
83 286
83 473
83 688
83 827
83 999
84 65
84 124
84 294
84 385
84 735
84 812
84 872
84 965
84 966
85 148
85 400
85 577
85 900
86 339
86 790
86 830
87 239
87 385
87 407
87 641
87 892
88 13
88 83
88 90
88 435
88 530
88 589
88 605
88 813
89 141
89 500
89 700
89 927
90 134
90 135
90 333
90 716
91 230
91 302
92 196
92 278
92 907
92 914
92 985
93 143
93 406
93 458
93 817
93 979
94 10
94 385
94 845
94 864
95 54
95 264
95 447
95 509
95 554
95 561
95 647
95 754
95 954
96 280
96 490
96 594
96 632
97 390
97 547
97 613
97 782
98 591
98 648
98 809
99 179
99 541
100 282
100 326
100 872
101 163
101 177
101 199
101 244
101 572
101 587
101 664
101 858
102 168
102 577
102 645
102 709
102 870
103 276
103 630
103 966
103 983
104 29
104 177
104 279
104 341
104 380
104 688
104 828
105 185
105 734
105 902
106 53
106 133
106 274
106 418
106 470
106 572
106 728
106 735
106 867
107 48
107 261
107 446
107 454
107 557
107 852
107 971
108 221
108 603
108 620
108 885
108 982
109 76
109 225
109 292
109 335
109 400
109 645
109 886
110 13
110 188
110 349
110 366
110 613
110 999
111 170
111 587
111 608
111 834
112 83
112 117
112 448
112 483
112 532
113 62
113 228
113 305
113 641
113 981
114 484
114 509
114 581
114 586
114 609
114 620
114 634
114 693
114 790
114 798
114 987
115 560
116 1
116 423
116 458
116 785
117 29
117 274
117 659
117 695
117 731
117 917
118 330
118 670
118 873
119 886
120 102
120 427
120 474
120 643
120 938
120 963
121 253
121 407
121 544
121 805
121 847
121 954
122 237
122 254
122 270
122 865
122 963
122 972
123 26
123 308
123 432
123 800
123 981
124 68
124 485
124 630
124 1000
125 193
125 698
126 115
126 676
126 808
126 835
126 998
127 222
127 327
127 572
127 783
128 126
128 147
128 172
128 285
128 429
128 464
128 509
128 795
128 799
128 826
129 45
129 117
129 160
129 183
129 225
129 627
130 741
131 151
131 289
131 347
131 354
131 371
131 445
131 522
131 618
131 623
131 853
131 926
131 979
132 101
132 112
132 138
132 612
132 637
133 44
133 131
133 254
133 516
133 749
134 251
134 664
134 787
134 791
134 799
135 396
135 489
136 220
136 298
136 496
136 694
136 799
136 963
137 93
137 119
137 747
137 781
138 224
138 724
138 901
139 94
139 128
139 232
139 398
140 292
140 325
140 767
140 865
141 12
141 39
141 135
141 379
141 558
141 622
142 15
142 21
142 88
142 446
142 564
142 704
143 264
143 371
143 373
143 400
143 596
143 711
143 754
143 780
144 262
144 269
144 486
145 201
145 424
145 591
145 694
145 905
146 123
146 173
146 468
146 477
146 546
146 590
147 133
147 177
147 281
147 649
147 741
147 832
148 41
148 149
148 220
148 680
149 208
149 236
149 245
149 632
149 700
150 156
150 378
150 693
151 135
151 347
151 514
151 623
151 766
152 9
152 32
152 359
152 484
152 556
152 579
152 722
152 870
153 109
153 144
153 580
153 680
153 773
153 890
153 893
153 934
154 2
154 122
154 126
154 667
154 962
154 976
155 325
155 463
155 710
155 759
155 771
155 818
155 959
156 27
156 320
156 618
157 497
157 565
158 493
158 641
158 730
158 762
158 793
158 900
158 925
158 985
159 30
159 170
159 386
159 524
160 84
160 121
160 187
160 583
161 2
161 351
161 365
161 535
162 337
162 341
162 350
162 975
163 187
163 382
163 573
163 715
163 726
163 770
164 52
164 733
165 78
165 133
165 280
165 285
165 347
165 534
166 600
166 661
167 222
167 542
167 847
167 854
168 35
168 376
168 573
168 585
168 721
168 867
169 434
169 548
169 893
169 919
170 9
170 42
170 129
170 137
170 152
170 279
170 340
170 588
170 960
171 11
171 203
171 468
171 692
171 941
172 142
172 233
172 319
172 322
172 607
172 772
173 333
173 634
173 691
174 103
174 339
174 536
174 757
174 808
174 834
174 879
175 143
175 182
175 315
175 559
175 613
175 879
176 436
176 508
176 712
176 892
176 913
176 979
177 6
177 364
177 377
177 471
177 557
177 817
177 818
177 848
177 937
178 85
178 116
178 144
178 192
178 296
178 326
178 377
178 458
178 896
179 459
179 531
179 773
179 777
179 867
179 941
180 534
180 799
181 36
181 119
181 353
181 566
181 576
181 663
181 879
182 39
182 66
182 156
182 791
183 219
183 268
183 336
183 483
183 522
183 540
183 729
184 302
184 508
184 698
185 482
185 892
185 944
186 534
186 782
187 289
187 685
187 771
187 987
188 141
188 241
188 564
188 647
188 652
188 654
189 27
189 54
189 115
189 172
189 344
189 684
189 842
189 843
190 274
190 280
190 554
190 764
191 114
191 460
192 431
192 827
192 846
192 932
193 486
194 62
194 173
194 200
194 205
194 323
194 458
194 638
195 67
195 76
195 84
195 87
195 209
195 299
195 351
195 366
195 734
196 26
196 67
196 118
196 195
196 630
197 4
197 26
197 137
197 151
197 315
197 444
197 565
197 568
197 645
197 769
198 101
198 160
198 248
198 836
198 858
199 26
199 213
199 501
199 717
199 741
200 115
200 170
200 197
200 620
200 627
200 810
201 15
201 429
201 622
202 309
202 317
202 440
202 644
203 0
203 115
203 865
203 972
204 99
204 121
204 276
204 518
204 540
204 728
204 779
204 828
205 176
205 250
205 433
205 753
205 793
205 817
206 450
206 480
206 755
206 927
207 114
207 745
207 763
207 891
207 898
207 985
208 76
208 175
208 279
208 333
208 351
208 359
208 516
208 541
208 692
208 724
208 766
208 848
209 108
209 775
210 111
210 485
210 555
210 636
210 789
210 857
211 21
211 366
211 540
211 784
212 181
212 358
212 629
213 411
213 932
214 25
214 170
214 190
214 232
214 304
214 446
214 513
214 580
215 65
215 164
215 270
215 282
215 296
215 399
215 636
216 102
216 341
216 475
216 494
216 596
216 627
216 727
216 846
217 66
217 169
217 713
217 763
217 848
218 28
218 188
218 242
218 356
218 412
218 651
219 267
220 334
220 465
220 773
221 53
221 71
222 265
222 320
222 356
222 426
222 684
223 92
223 311
223 497
223 856
224 141
224 506
224 748
225 139
225 162
225 171
225 181
225 940
226 154
226 400
226 867
226 938
227 457
227 530
227 547
227 813
228 15
228 104
228 283
228 641
229 38
229 566
229 930
230 244
230 250
230 636
230 752
231 42
231 362
231 391
231 737
231 840
232 72
232 150
232 486
232 603
232 936
233 642
233 798
234 24
234 347
235 94
235 165
235 283
235 566
235 869
236 83
236 165
236 974
237 322
237 327
237 444
237 873
238 338
239 25
239 442
239 948
240 350
240 674
240 745
241 27
241 378
241 464
241 843
241 869
241 871
241 960
242 0
242 339
242 457
242 917
243 35
243 231
243 489
243 751
244 133
244 207
244 358
244 442
244 460
244 617
245 68
245 109
245 205
245 767
245 810
245 819
245 851
245 976
246 20
246 39
246 220
246 228
246 234
246 352
246 525
246 534
246 560
247 40
247 813
247 977
248 63
248 198
248 240
248 241
248 352
249 31
249 38
249 79
249 199
249 302
249 309
249 340
249 407
249 426
249 463
249 478
249 637
249 754
249 854
249 863
249 994
250 90
250 164
250 694
250 707
250 734
250 782
250 846
251 119
251 326
251 440
252 323
252 360
252 481
252 590
252 795
252 930
253 72
253 132
253 728
254 59
254 108
254 626
254 877
255 328
255 406
255 606
255 618
255 877
256 2
256 92
256 202
256 425
257 519
257 685
257 696
257 985
258 91
258 222
258 485
258 637
258 770
258 964
259 70
259 889
260 189
260 423
260 431
260 464
260 633
260 781
261 167
261 233
261 442
261 619
262 2
262 22
262 205
262 476
262 613
262 643
262 681
262 714
262 729
262 739
263 75
263 510
263 900
263 994
264 801
265 240
265 717
266 255
266 258
266 668
266 952
267 118
267 473
267 525
267 891
267 953
268 46
268 97
268 202
268 269
268 732
268 848
268 974
268 994
269 37
269 45
269 227
269 299
269 556
269 877
270 217
270 315
270 328
270 495
270 498
270 554
270 582
271 102
271 519
271 542
272 201
272 461
272 597
272 835
272 905
272 994
272 995
273 876
274 476
274 782
274 787
275 303
276 5
276 170
276 205
276 331
276 362
276 458
276 761
276 846
277 422
277 432
277 591
277 621
277 886
277 944
277 945
277 949
277 979
278 517
278 604
278 616
278 871
278 922
279 136
279 247
279 267
279 398
279 952
279 961
280 464
280 620
280 641
280 727
280 814
281 185
281 475
281 517
281 582
281 678
281 887
282 40
282 234
282 262
282 299
282 832
282 938
283 139
283 242
283 439
283 506
283 579
283 791
283 804
283 923
283 981
284 248
284 299
284 400
284 549
284 686
284 793
284 990
285 196
286 195
286 350
286 577
286 810
286 862
286 902
287 123
287 226
287 715
287 771
287 786
288 8
288 63
288 186
288 522
288 582
288 613
288 617
289 193
289 250
289 551
289 564
290 480
290 658
290 710
290 941
291 95
291 117
291 171
291 302
291 393
291 876
291 972
292 155
292 596
292 687
292 702
292 739
292 796
292 822
292 880
293 72
293 186
293 476
293 559
294 53
294 200
294 245
294 348
294 387
294 585
294 664
294 848
295 349
295 502
295 627
295 651
295 786
296 63
296 248
296 251
296 298
296 377
296 467
297 61
297 68
297 72
297 101
297 262
297 454
298 113
298 460
298 539
299 53
299 146
299 166
299 416
299 478
299 648
299 695
299 729
299 737
299 850
299 856
299 963
300 82
300 217
300 547
300 680
300 858
300 949
300 985
301 172
301 237
301 471
301 493
301 502
301 812
301 816
302 458
302 643
303 113
303 129
303 251
303 402
303 485
303 515
303 647
303 987
304 34
304 382
304 600
304 958
304 973
305 18
305 28
305 221
305 670
306 88
306 278
306 437
306 814
306 882
306 910
307 326
307 397
307 516
307 684
308 637
308 660
308 754
308 845
309 25
309 34
309 164
309 261
309 393
309 702
309 992
310 43
310 271
310 313
310 317
310 560
310 772
311 154
311 352
311 665
311 826
312 0
312 910
313 98
313 131
313 231
313 431
313 879
314 90
314 297
314 348
314 438
314 440
314 588
314 878
314 922
315 199
315 206
315 386
315 428
315 617
315 918
316 139
316 145
316 331
316 865
317 130
317 292
317 348
317 392
317 541
317 858
317 892
317 949
318 165
318 538
318 675
318 901
318 988
319 129
319 602
319 877
320 311
320 551
320 590
320 793
321 283
321 686
321 805
321 919
322 27
322 38
322 446
322 529
322 582
322 676
322 794
322 806
322 917
323 142
323 632
323 823
323 878
324 52
324 97
324 150
324 690
324 851
325 480
325 499
325 533
326 367
326 804
326 820
327 258
327 457
327 621
327 623
327 874
328 196
328 234
328 244
328 391
328 472
328 639
328 914
328 932
328 933
329 39
329 45
329 86
329 209
329 491
329 539
330 223
330 687
330 977
331 62
331 257
331 699
332 625
332 815
332 920
333 300
333 357
333 358
333 366
333 518
333 671
333 674
333 949
334 206
334 460
334 533
334 682
335 276
335 582
335 717
335 922
335 972
336 216
336 574
336 600
337 227
337 525
337 568
337 696
337 836
338 53
338 91
338 285
338 342
338 499
338 621
338 668
338 703
339 123
339 137
339 254
339 416
339 985
340 396
340 483
340 505
340 637
340 721
340 763
340 880
341 51
341 143
341 939
341 949
342 221
342 455
342 541
342 973
343 224
343 718
343 984
344 270
344 484
344 640
344 736
344 853
344 943
345 903
346 16
346 586
346 806
346 941
347 293
347 457
347 555
347 670
347 962
348 18
348 52
348 531
348 570
348 583
348 932
348 976
349 509
349 579
349 663
349 907
349 967
350 88
350 144
350 154
350 209
350 214
350 237
350 254
350 509
350 758
350 825
350 894
350 945
351 25
351 411
351 614
351 744
351 923
351 957
352 0
352 56
352 85
352 233
352 254
352 327
352 728
352 881
353 52
353 145
353 168
353 215
353 263
353 358
353 497
353 548
353 852
354 368
355 920
356 157
356 240
356 410
356 604
356 609
356 785
356 860
357 80
357 463
357 689
357 754
358 678
358 931
359 6
359 88
359 94
359 221
359 223
359 422
359 600
359 904
360 37
360 253
360 480
360 489
360 503
360 641
361 26
361 398
361 471
361 499
361 505
361 658
362 224
362 402
362 498
362 560
362 681
362 943
363 377
363 391
363 703
363 902
364 54
364 484
364 723
364 872
365 76
365 92
365 95
365 260
365 448
365 765
365 959
366 92
366 458
366 459
366 521
366 681
366 913
367 55
367 139
367 561
367 663
367 709
367 747
368 40
368 385
368 624
369 53
369 79
369 169
369 516
369 518
369 624
369 671
369 739
370 454
370 760
371 81
371 214
371 464
371 471
371 658
371 784
371 821
371 899
372 236
372 323
372 479
372 492
372 554
372 772
372 986
372 993
372 997
373 188
373 399
373 462
373 524
373 596
373 870
374 76
374 215
374 738
374 788
375 740
375 771
376 172
376 204
376 338
376 691
376 854
377 84
377 161
377 205
377 406
377 775
377 902
377 905
377 956
378 107
378 214
378 259
378 557
378 611
378 943
379 185
379 342
379 403
379 638
379 808
379 829
380 330
380 370
380 901
380 956
380 995
381 177
381 528
381 583
381 751
382 88
382 399
382 414
382 710
382 987
383 289
383 373
383 535
383 651
383 714
384 7
384 86
384 687
384 758
385 2
385 231
385 600
385 664
385 748
385 929
386 191
387 166
387 274
387 433
387 472
387 511
387 575
387 724
387 741
387 1000
388 228
388 255
388 370
388 464
388 590
389 181
389 263
389 819
390 182
390 395
390 712
390 845
391 403
391 794
392 33
392 257
392 575
392 587
392 671
392 833
392 867
392 873
392 973
393 34
393 145
393 189
393 260
393 514
393 554
394 11
394 27
394 327
394 328
394 542
394 599
394 822
395 65
395 336
395 684
395 723
396 256
396 440
396 562
396 711
396 885
396 967
397 243
397 260
397 293
397 387
397 477
397 497
397 571
397 613
397 615
397 831
398 33
398 75
398 175
398 204
398 427
398 451
398 600
398 760
399 205
399 287
399 494
399 627
400 76
400 545
400 661
400 666
400 860
400 903
401 153
401 176
401 260
401 626
402 24
402 43
402 82
402 592
402 883
403 740
403 918
404 214
404 328
404 696
404 910
405 42
405 178
405 400
405 485
405 671
405 973
406 61
406 198
406 467
406 477
406 561
406 574
407 89
407 220
407 438
407 484
407 713
408 445
408 631
408 703
408 931
408 951
409 272
409 362
409 601
409 803
409 854
410 143
410 281
410 650
411 34
411 180
411 742
412 216
412 272
412 757
413 669
414 49
414 250
414 554
414 694
415 41
415 53
415 69
415 924
416 85
416 183
416 676
416 914
416 968
417 614
417 767
418 24
418 267
418 650
418 732
418 903
419 220
419 555
419 893
420 53
420 146
420 448
420 760
421 485
421 497
421 507
421 611
421 773
421 790
422 18
422 290
422 323
422 476
422 889
423 58
423 569
423 628
423 772
423 928
423 940
424 194
424 320
424 478
424 530
424 553
424 672
424 975
425 27
425 208
425 288
425 527
425 672
425 860
426 2
426 47
426 274
426 596
427 144
427 583
428 119
428 327
428 333
428 374
428 590
429 403
429 537
429 772
429 862
429 877
429 985
430 98
430 255
430 325
430 467
430 522
431 292
431 400
431 874
432 175
432 210
433 129
433 375
433 379
433 766
434 182
434 374
434 659
434 823
435 175
435 197
435 297
435 346
435 372
435 497
435 819
436 18
436 78
436 257
436 713
436 772
437 60
437 84
437 189
437 216
437 399
437 527
437 908
438 65
438 120
438 208
438 377
438 849
439 77
439 505
440 578
440 601
441 66
441 81
441 278
441 309
441 514
441 542
442 9
442 59
442 250
442 305
442 471
442 506
442 892
442 907
443 101
443 324
443 486
443 636
444 763
444 767
444 912
445 370
445 461
445 657
445 717
445 818
445 936
446 43
446 487
446 553
446 861
446 911
446 941
447 423
447 838
448 127
448 447
448 649
448 811
449 81
449 343
449 434
449 463
449 621
449 700
449 784
450 125
450 523
450 603
450 626
450 772
450 979
451 479
451 825
451 899
452 116
452 333
452 375
452 393
452 407
452 408
452 648
452 854
453 75
453 350
453 735
454 3
454 69
454 130
454 197
454 494
454 510
454 648
454 762
454 884
455 450
455 504
456 470
456 484
456 486
456 681
456 724
457 35
457 93
457 229
457 342
457 358
457 375
457 508
457 569
457 802
457 810
458 129
458 297
458 367
458 759
459 110
459 164
459 247
459 589
459 933
460 422
460 424
460 549
460 590
461 179
461 227
461 315
461 683
462 358
462 397
462 487
462 625
462 682
462 897
463 149
463 229
463 766
465 31
465 36
465 39
465 369
465 423
465 614
466 52
466 204
466 258
466 352
466 420
466 819
466 886
466 910
467 31
467 918
468 124
468 158
468 435
468 605
468 637
468 840
469 28
469 51
469 386
469 613
469 845
469 862
470 877
471 398
471 522
471 627
471 772
472 471
473 0
473 222
473 413
473 715
474 248
474 256
474 458
474 629
474 863
475 190
475 376
475 895
476 61
476 444
476 493
476 675
477 128
477 156
477 163
477 238
477 424
477 678
477 703
477 812
477 903
478 102
478 175
479 12
479 48
479 542
480 381
480 595
480 809
480 878
481 133
481 585
481 913
481 959
482 147
482 253
482 539
482 665
482 886
482 908
483 185
483 216
483 1000
484 675
485 494
485 529
485 932
486 15
486 317
486 322
486 650
486 675
486 854
487 144
487 247
487 424
487 692
488 7
488 356
488 546
488 829
488 866
488 922
489 250
489 716
489 866
490 209
490 361
490 976
491 35
491 293
491 803
492 40
492 135
492 290
492 398
492 501
492 579
492 600
492 650
492 898
493 73
493 378
493 383
493 591
494 459
494 794
495 55
495 95
495 210
495 340
495 685
495 690
495 849
495 892
495 957
496 209
496 529
496 741
497 142
497 779
497 824
497 964
498 123
498 842
498 949
499 92
499 174
499 233
499 292
499 340
499 554
499 914
499 983
500 99
500 120
500 261
500 830
501 341
501 435
501 442
501 778
501 822
502 277
502 615
502 709
502 734
502 812
502 979
503 172
503 358
503 811
504 149
504 319
504 377
504 967
505 61
505 137
505 360
505 651
505 772
506 103
506 171
506 299
506 567
506 587
507 3
507 69
507 362
507 476
507 605
507 783
508 33
508 122
508 132
508 241
508 249
508 810
509 699
509 717
509 762
509 803
510 12
510 239
510 388
510 712
510 977
511 29
511 688
511 842
512 53
512 153
512 322
512 752
513 418
513 640
514 272
514 315
514 436
514 870
514 968
515 350
515 433
515 602
515 746
516 11
516 72
516 363
516 648
516 728
516 969
517 244
517 445
517 801
517 841
517 946
518 304
518 421
518 471
518 625
518 811
518 820
519 279
519 340
519 412
519 536
519 618
519 827
520 208
520 311
520 949
520 985
521 206
521 270
521 285
521 414
521 485
522 701
522 834
522 904
522 965
523 632
523 643
524 229
524 481
524 519
524 529
524 706
524 790
525 310
525 407
525 493
525 853
526 95
526 117
526 118
526 321
526 735
526 740
526 974
527 197
527 248
527 259
527 309
527 723
527 743
528 136
528 168
528 273
528 361
528 640
528 700
528 838
529 233
529 382
529 882
530 634
530 661
531 246
531 811
532 34
532 495
532 558
532 564
532 576
533 165
533 393
533 525
533 659
533 726
533 766
534 6
534 85
534 473
534 664
534 780
534 876
534 892
535 270
535 430
535 582
535 787
535 870
535 887
535 903
536 411
536 470
536 543
536 811
536 908
537 3
537 44
537 269
537 398
537 407
537 536
537 841
537 864
538 224
538 331
538 359
538 486
538 699
538 765
539 29
539 322
540 472
540 820
541 38
541 98
541 417
541 659
541 772
541 787
541 808
541 943
542 104
542 301
542 621
543 103
543 236
543 300
543 779
544 290
544 502
544 614
544 783
544 817
544 867
544 958
545 548
545 907
545 968
546 755
546 846
546 940
546 955
547 1
547 70
547 155
547 286
547 642
547 684
548 340
548 530
548 788
548 870
548 973
549 295
549 651
549 685
549 790
550 119
550 153
550 237
550 382
550 401
550 480
550 518
550 796
550 820
550 827
551 29
551 46
551 68
551 513
551 677
551 950
552 131
552 235
552 281
552 387
552 522
552 670
552 919
552 934
553 71
553 308
553 754
553 815
553 823
553 829
554 19
554 209
554 598
554 647
554 856
554 964
555 49
555 693
555 713
555 729
555 900
556 632
557 401
558 121
558 365
559 416
559 775
560 149
560 435
560 582
560 638
560 981
561 46
561 49
561 175
561 192
561 251
561 276
561 303
561 322
561 394
561 539
561 728
561 806
561 984
562 83
562 464
562 533
562 584
562 996
563 160
563 279
563 321
563 670
563 696
563 786
563 858
564 482
564 670
564 754
564 783
564 807
564 872
565 0
566 63
566 151
566 680
566 753
566 897
567 208
567 263
567 659
567 815
567 946
568 317
569 661
569 697
569 763
570 1
570 144
570 252
570 392
570 543
570 607
570 896
571 1
571 254
571 295
571 706
571 748
572 239
572 253
572 362
572 408
572 517
573 175
573 263
573 727
573 778
574 121
574 191
574 378
574 424
574 622
574 639
574 662
575 114
575 131
575 614
576 370
576 392
576 618
576 647
576 976
577 126
577 172
577 336
577 341
577 400
577 473
577 560
577 614
577 674
578 172
578 213
578 358
578 543
578 641
578 732
578 746
578 984
578 999
579 477
579 643
579 685
579 810
579 885
579 905
579 999
580 497
580 796
580 999
581 28
581 71
581 526
581 533
581 800
582 394
582 570
583 56
583 678
583 765
584 447
584 451
584 474
585 548
585 743
585 958
586 40
586 106
586 214
586 373
586 596
586 648
586 710
587 52
587 213
587 415
587 676
587 759
587 965
588 279
588 382
588 637
588 685
588 980
589 103
589 144
589 358
589 399
589 533
589 626
589 727
589 780
589 812
590 111
590 178
590 247
590 536
590 658
591 304
591 432
591 555
591 788
591 978
591 988
592 345
592 541
592 553
592 630
592 949
593 818
593 958
593 999
594 360
594 530
594 573
594 606
595 168
595 246
595 675
595 754
595 778
595 897
595 915
596 36
596 283
596 329
596 468
596 658
596 678
596 790
597 57
597 82
597 89
597 523
597 572
597 609
597 620
598 24
598 129
598 177
598 396
598 497
598 701
599 46
599 53
599 80
599 107
599 147
599 221
599 291
599 402
599 440
599 727
599 798
600 139
600 570
600 602
600 614
600 658
601 435
601 733
601 828
601 840
602 85
602 280
602 380
602 801
602 897
602 930
603 525
603 840
603 881
604 114
604 558
604 636
604 936
605 89
605 268
605 321
605 717
605 739
605 810
606 141
606 490
606 624
607 191
607 467
607 532
607 681
607 682
607 729
607 768
608 187
608 507
608 511
608 715
608 906
609 556
609 774
610 273
610 489
610 541
610 899
611 211
611 612
612 1
612 742
612 837
613 165
613 531
613 984
614 102
614 483
614 523
614 736
614 839
615 83
615 111
615 188
615 243
615 430
615 716
616 232
616 711
616 834
617 137
617 348
617 473
617 685
617 791
617 821
617 925
618 163
618 306
618 405
618 539
618 581
618 911
619 296
619 422
619 464
619 648
619 848
619 960
619 999
620 22
620 170
620 568
620 668
620 759
620 829
620 890
621 521
621 639
621 666
621 982
622 285
622 566
622 900
623 438
623 645
623 695
623 917
623 995
624 109
624 112
624 680
624 840
624 849
624 980
625 84
625 135
625 519
625 550
625 582
625 608
625 627
625 765
626 36
626 263
626 603
626 606
626 965
627 71
627 185
627 369
627 426
627 694
627 722
628 154
628 304
628 347
628 723
628 777
628 847
628 961
629 59
629 205
629 411
629 776
629 807
629 942
629 991
630 195
630 208
630 232
630 396
630 619
630 775
630 789
630 898
631 677
631 792
632 190
632 516
632 530
632 532
632 871
632 920
633 4
633 357
633 781
634 44
634 49
634 152
634 212
634 354
634 359
635 171
635 255
635 416
635 498
635 591
635 634
635 677
636 140
636 142
636 248
636 572
636 691
636 831
636 851
637 202
637 298
637 337
637 481
637 583
637 787
637 947
638 48
638 82
638 152
638 177
638 282
638 341
638 583
638 654
638 757
638 908
639 61
639 531
639 883
639 944
640 10
640 354
640 562
640 644
640 807
641 255
641 421
642 147
642 237
642 418
642 745
642 962
643 245
643 550
643 865
643 884
644 55
644 606
644 775
644 916
645 2
645 155
645 267
645 300
645 379
645 416
645 953
646 60
646 170
646 312
646 379
646 447
646 633
646 864
646 873
647 295
647 551
647 662
647 996
648 0
648 85
648 90
648 301
648 476
648 602
648 781
649 93
649 214
649 322
649 381
649 862
650 100
650 281
650 530
650 649
650 774
651 5
651 94
651 377
651 443
652 73
652 546
652 583
652 867
653 583
653 598
653 772
653 852
653 946
654 203
654 385
655 854
656 312
656 331
656 385
656 494
657 112
657 677
657 795
657 899
657 963
658 29
658 67
658 235
658 558
658 619
658 848
658 857
659 40
659 78
659 205
659 329
659 467
659 801
659 882
659 982
660 451
660 533
660 924
661 215
661 490
661 885
662 394
662 649
662 854
662 975
663 444
663 446
663 472
663 518
663 724
663 910
663 944
664 291
664 512
664 795
665 155
665 466
666 30
666 67
666 95
666 170
666 673
666 784
667 375
667 694
668 82
668 178
668 371
668 758
668 898
669 73
669 268
669 471
669 849
669 863
670 263
670 317
670 743
670 754
670 780
670 990
671 392
671 527
671 546
671 584
671 609
671 926
671 927
672 436
672 660
672 783
672 824
672 922
673 5
673 344
673 391
673 775
674 4
674 176
674 308
674 727
674 1000
675 68
675 107
675 226
675 406
675 489
675 642
675 802
675 917
676 47
676 134
676 207
676 677
676 839
676 922
677 97
677 387
677 392
677 461
677 954
678 39
678 250
678 440
678 444
678 467
678 910
679 696
679 859
680 48
680 123
680 159
680 709
680 942
681 496
681 503
681 784
682 79
682 337
683 558
683 646
683 728
683 905
684 101
684 142
684 266
684 420
684 549
684 606
684 695
684 801
685 68
685 202
685 225
685 641
686 23
686 402
686 468
686 938
687 476
687 700
687 715
688 69
688 225
688 342
688 343
688 631
689 0
689 8
689 44
689 311
689 460
689 468
689 601
689 933
690 20
690 174
690 413
690 616
690 929
691 147
691 197
691 825
692 308
692 447
693 73
693 923
694 322
694 367
694 944
695 50
695 188
695 910
696 25
696 306
696 829
696 830
696 864
697 185
697 199
697 275
697 671
697 768
698 461
698 790
698 806
698 874
699 213
699 358
699 722
699 779
700 22
700 30
700 238
700 298
700 457
701 526
701 754
701 785
701 972
701 999
702 397
702 811
702 865
703 38
703 458
703 685
703 975
704 274
704 644
705 0
705 754
705 831
706 15
706 103
706 559
706 672
706 786
706 801
707 431
707 716
708 401
708 442
708 542
709 117
709 129
709 225
709 231
709 693
709 924
710 3
710 370
710 446
710 892
710 990
711 174
711 198
711 405
711 560
711 585
711 811
712 600
712 631
712 734
712 892
712 990
713 205
713 261
713 274
713 346
713 391
713 434
713 549
713 865
713 953
713 964
714 135
714 662
714 960
715 117
715 548
715 641
715 888
716 377
716 442
716 903
716 920
717 11
717 37
717 53
717 208
717 225
717 614
717 735
717 939
718 159
718 191
718 429
718 522
718 705
718 916
718 918
718 942
718 944
719 31
719 252
719 367
719 488
719 966
720 258
720 334
720 350
720 398
720 468
720 804
720 816
720 831
720 861
720 966
720 990
721 88
721 145
721 425
721 514
721 602
721 663
721 741
721 798
721 997
722 217
722 447
722 461
722 600
722 764
722 916
722 989
722 1000
723 613
723 971
724 12
724 406
724 436
724 645
724 813
725 215
725 254
725 368
725 432
725 676
726 105
726 155
726 293
726 879
727 238
727 243
727 326
727 734
727 770
727 791
727 912
727 915
727 928
728 89
728 194
728 206
728 232
728 515
728 618
729 252
729 260
729 349
729 536
729 935
730 168
730 263
730 425
730 746
731 261
731 469
731 487
731 655
731 899
732 34
732 347
732 466
732 917
733 255
733 467
733 558
733 576
733 587
733 725
733 731
734 136
734 364
734 679
735 88
735 304
735 409
735 657
735 743
735 800
736 721
737 28
737 331
737 692
738 0
738 66
738 71
738 286
738 428
738 548
738 802
738 902
739 10
739 240
739 274
739 421
739 530
739 769
740 62
740 74
740 210
740 334
740 356
740 380
740 410
740 997
741 257
741 464
741 726
741 841
741 879
742 142
742 295
742 607
742 893
742 902
742 917
743 101
743 214
743 240
743 456
743 462
743 542
743 679
743 705
743 783
743 810
743 863
744 293
744 296
744 436
744 587
744 766
744 978
745 82
745 741
745 804
746 610
746 629
746 692
747 137
747 189
747 666
748 28
748 120
748 204
748 452
748 494
748 741
748 914
748 970
749 11
749 476
749 625
750 51
750 323
750 365
750 979
751 704
751 709
751 785
751 902
752 8
752 38
752 110
752 115
752 255
752 674
752 789
752 848
753 49
753 193
753 774
753 848
753 933
754 50
754 457
754 698
754 829
755 83
755 654
756 398
756 648
757 180
757 203
757 456
757 524
757 848
757 885
757 938
758 230
758 429
758 658
758 710
759 490
759 514
759 563
759 719
760 28
760 199
760 215
760 631
760 749
760 857
760 963
761 37
761 66
761 158
761 273
761 332
761 398
761 503
761 714
761 787
762 156
762 220
762 292
762 403
762 615
762 624
762 706
762 754
763 88
763 505
763 538
763 643
763 648
763 729
763 747
763 818
763 962
764 221
764 276
764 342
764 595
764 952
764 998
765 153
765 185
765 490
765 667
765 695
766 68
766 380
766 513
766 543
767 34
767 63
767 224
767 520
768 56
768 183
768 194
768 645
768 672
768 826
769 6
769 77
769 154
769 195
769 276
769 400
770 613
770 772
770 901
770 927
771 488
772 1
772 29
772 473
772 640
772 722
772 771
772 791
772 881
773 88
773 194
773 196
773 205
773 356
773 421
773 843
774 494
774 665
774 784
775 337
775 715
776 37
776 279
776 561
776 957
777 933
778 9
778 55
778 287
778 377
778 495
778 750
778 784
778 829
778 921
779 70
779 242
779 576
779 591
779 648
779 745
780 111
780 126
780 270
780 298
780 337
780 670
780 819
781 653
782 17
782 141
782 493
782 660
782 760
782 820
782 823
782 868
782 934
783 86
783 166
783 253
783 898
784 181
784 220
784 254
784 354
784 444
784 526
784 554
784 892
784 967
785 280
785 890
786 8
786 383
786 778
787 333
787 394
787 785
787 864
788 742
788 997
789 196
789 254
789 371
789 419
789 805
790 22
790 38
790 82
790 165
790 220
790 585
791 155
791 298
791 301
791 436
791 651
791 807
792 491
793 287
793 380
793 572
793 629
793 750
793 885
793 889
793 998
794 31
794 279
794 649
795 7
795 259
795 343
795 559
795 601
795 673
796 293
796 488
796 513
796 567
796 608
796 765
796 815
796 888
797 8
797 136
797 532
797 682
798 677
798 976
799 110
799 300
799 337
799 345
799 420
799 497
799 545
799 845
799 858
800 28
800 147
800 171
800 539
800 624
801 71
801 293
801 476
801 515
801 572
801 595
801 636
801 693
802 138
802 163
802 246
802 291
802 555
803 307
803 327
803 767
803 809
804 621
805 57
805 275
805 289
805 375
805 989
806 420
806 764
806 777
806 907
807 50
807 108
807 163
807 676
807 764
807 837
808 61
809 348
809 612
809 724
809 802
810 13
810 129
810 144
810 460
810 597
810 760
811 67
811 240
811 333
811 461
811 610
811 626
811 855
811 968
811 1000
812 180
812 227
812 297
812 330
812 810
812 835
813 2
813 74
813 806
814 65
814 234
814 539
814 716
814 778
814 844
814 863
814 950
815 136
815 333
815 404
815 481
815 564
815 736
816 295
816 979
817 40
817 276
817 421
817 479
817 661
817 783
818 532
818 805
818 834
818 963
819 77
819 463
819 750
820 120
820 406
821 178
821 491
821 549
821 632
821 652
821 867
821 894
822 196
822 262
822 349
822 580
823 295
823 299
823 883
824 39
824 401
824 756
825 139
825 163
825 222
825 226
825 307
825 676
825 844
826 194
826 199
826 378
826 929
826 946
827 146
827 450
827 567
827 924
827 943
827 947
827 1000
828 245
828 640
828 666
828 732
828 742
828 751
828 804
829 58
829 80
829 644
829 734
829 847
830 338
830 404
830 471
830 832
830 941
831 73
831 309
831 719
831 865
831 966
832 247
832 338
832 574
832 621
832 720
833 51
833 277
833 356
833 405
833 464
833 519
833 744
833 825
834 208
834 688
834 818
835 40
835 165
835 204
835 259
835 385
835 523
835 556
835 671
835 924
836 11
836 323
836 408
836 424
836 452
836 517
836 544
836 580
836 686
836 787
837 176
837 433
837 548
837 598
837 601
837 858
837 884
837 933
838 38
838 179
838 235
838 406
838 540
838 678
838 784
838 787
838 991
839 76
839 280
839 301
839 461
839 506
839 737
839 798
840 175
840 241
840 275
840 540
840 672
841 166
841 404
841 483
842 130
842 232
842 617
842 746
843 38
843 94
843 158
843 189
843 370
843 515
843 933
843 963
844 110
844 379
844 387
844 396
844 413
845 283
845 462
845 476
846 387
846 538
846 878
847 85
848 524
849 209
849 243
849 544
849 546
849 628
849 859
850 315
850 348
850 363
850 408
850 472
850 643
850 682
850 700
850 971
851 140
851 203
851 372
851 466
851 617
851 692
851 744
852 584
853 486
853 525
853 685
853 873
853 960
853 993
854 37
854 800
855 104
855 269
855 736
855 770
856 686
856 881
856 960
857 18
857 34
857 99
857 626
857 1000
858 142
858 188
858 212
858 270
858 594
858 663
858 805
859 87
859 331
859 361
859 481
859 488
859 547
859 624
859 630
859 675
859 895
859 916
860 4
860 62
860 390
860 715
860 879
860 927
861 316
861 645
861 909
862 130
862 328
862 425
862 556
862 705
862 748
862 752
862 801
862 894
863 489
863 523
863 860
863 892
864 161
864 422
864 423
864 530
864 537
864 576
865 472
865 541
865 691
865 736
865 957
865 966
866 249
866 738
866 749
866 773
866 883
866 891
867 316
867 404
867 497
867 532
868 396
868 428
868 682
868 855
868 925
869 271
869 444
869 583
869 585
869 873
870 550
870 782
870 837
871 233
871 276
872 103
872 171
872 469
872 525
872 567
872 965
873 95
873 111
873 688
874 397
874 650
874 732
874 830
875 719
875 953
876 185
876 677
876 692
876 924
876 994
877 32
877 701
878 527
878 736
878 974
879 539
879 627
879 738
879 835
879 996
880 24
880 282
880 286
880 564
880 710
880 761
880 806
881 281
881 546
881 615
881 761
881 979
882 245
882 409
882 517
882 538
882 555
882 608
882 653
882 730
882 848
883 31
883 66
883 114
883 540
883 849
883 854
884 36
884 104
884 130
884 144
884 608
885 228
885 275
885 497
885 840
886 133
886 161
886 430
886 798
886 838
886 903
886 982
887 211
887 729
887 774
888 174
888 286
888 394
888 580
888 725
888 981
889 212
889 340
889 354
889 451
889 670
889 810
889 996
890 208
890 454
890 578
890 658
890 707
891 333
891 427
891 717
892 85
892 795
892 932
892 945
893 10
893 196
893 219
893 344
893 420
893 805
894 85
894 145
894 275
894 635
894 638
894 689
894 808
895 499
895 681
895 714
895 863
895 963
896 4
896 52
896 167
896 199
896 669
896 720
897 278
897 955
898 205
898 215
898 664
898 796
899 1
899 269
899 367
899 750
899 758
899 862
899 986
900 60
900 315
900 333
900 470
900 508
901 196
901 235
901 599
901 669
902 139
902 209
902 573
902 928
903 203
903 537
903 852
904 251
904 472
904 725
904 732
904 941
904 996
905 490
905 571
905 901
905 922
905 978
905 990
906 70
906 380
906 646
907 136
907 174
907 399
907 684
907 919
908 27
908 387
908 516
908 733
908 858
909 30
909 449
909 497
909 727
909 745
909 759
909 763
909 805
909 875
910 583
910 791
910 796
910 848
911 257
911 383
911 683
911 780
912 30
912 398
912 473
913 270
913 482
914 182
914 222
914 238
914 822
914 921
915 212
915 621
915 748
915 867
915 970
916 0
916 92
916 115
916 448
916 735
916 854
916 856
916 863
917 5
917 134
917 541
917 812
917 828
917 865
917 963
917 994
918 45
918 92
918 327
918 446
918 460
918 497
918 525
919 15
919 86
919 497
919 574
919 578
919 711
919 967
920 181
920 829
921 99
921 131
921 333
921 350
921 393
921 476
921 524
921 823
921 917
922 36
922 260
922 290
922 459
922 511
922 570
922 624
922 864
923 130
923 289
923 310
923 377
923 673
924 2
924 280
924 306
925 83
925 103
925 373
925 423
925 519
926 725
926 763
926 785
927 324
927 359
927 690
927 887
927 980
928 153
928 730
928 767
929 81
929 113
929 162
929 382
929 430
929 506
929 567
929 671
929 740
930 122
930 331
930 412
930 682
930 886
931 182
931 225
931 335
931 358
931 617
931 886
931 929
932 41
932 314
932 378
932 625
932 686
932 921
933 213
933 439
933 475
933 547
933 724
933 810
933 835
933 867
934 414
934 607
934 879
935 119
935 463
935 566
935 570
935 976
936 2
936 170
936 533
936 647
936 693
936 866
937 541
937 864
938 290
938 395
938 782
939 104
939 297
939 549
939 763
939 786
940 280
940 343
940 826
941 493
941 558
941 787
941 805
941 832
941 906
941 924
941 936
942 889
943 3
943 325
943 488
943 721
943 733
944 82
944 300
944 580
944 631
944 649
944 861
944 886
944 993
945 359
946 15
946 423
946 514
946 947
947 16
947 84
947 93
947 142
947 254
947 776
948 610
949 371
949 421
949 520
949 975
950 362
950 364
950 388
950 436
950 493
950 495
950 563
950 883
951 3
952 350
952 519
952 613
952 690
952 738
952 761
953 13
953 209
953 223
953 312
953 322
953 433
953 482
953 813
954 297
954 373
954 401
954 587
954 796
955 242
955 254
955 405
955 970
956 162
956 275
956 370
956 509
956 522
956 823
957 116
957 197
957 213
957 250
957 377
957 448
957 512
957 548
957 784
957 792
957 938
958 219
958 653
958 890
959 513
959 904
960 392
960 584
960 595
960 974
961 61
961 594
961 595
961 614
961 820
962 453
962 681
962 799
962 856
962 875
962 950
963 373
963 391
963 882
964 285
964 287
964 497
964 896
965 175
965 188
965 378
965 617
966 202
966 297
966 583
966 626
966 629
966 639
967 51
967 305
967 934
967 987
968 111
968 422
968 924
969 116
969 207
969 239
969 240
969 283
969 760
969 804
969 859
969 928
969 962
970 396
970 490
970 689
970 803
971 475
971 561
971 566
971 781
971 903
972 235
972 301
972 680
973 183
973 646
974 396
974 471
974 716
974 913
975 197
975 480
975 661
975 801
976 7
976 128
976 303
976 397
976 439
976 517
977 156
977 198
977 294
977 302
977 365
977 588
977 847
978 321
978 842
978 880
979 84
979 143
979 245
979 365
979 989
980 94
980 425
980 647
980 757
980 884
981 95
981 629
981 877
981 951
982 89
982 943
983 237
983 299
983 702
983 720
983 746
983 844
985 274
985 461
985 569
985 808
986 155
986 339
986 365
986 561
986 609
986 874
986 904
987 262
987 365
987 527
987 745
987 832
987 991
988 192
988 245
988 443
988 670
988 731
989 121
989 208
990 160
990 208
990 242
990 357
990 390
990 402
990 657
990 848
991 80
991 199
991 251
991 434
991 436
992 459
992 603
992 631
992 768
992 846
993 0
993 21
993 108
993 369
993 734
994 60
994 298
994 606
994 633
994 896
995 98
995 545
996 176
996 208
996 459
996 470
996 560
996 728
996 960
997 227
997 325
997 483
997 575
997 630
998 55
999 180
999 340
999 415
999 423
999 580
999 781
999 824
999 830
1000 29
1000 76
1000 282
1000 691
1000 725
